0.502734375
0.605859375
0.760546875
0.8121093749999999
0.966796875
1.095703125
1.198828125
1.276171875
1.3792968749999999
1.482421875
1.533984375
1.6371093749999999
1.714453125
1.791796875
1.843359375
1.93359375
1.998046875
2.0496093749999997
2.126953125
2.152734375
2.230078125
2.255859375
2.3074218749999997
2.358984375
2.410546875
2.44921875
2.487890625
2.5394531249999996
2.5652343749999997
2.6039062499999996
2.642578125
2.6683593749999996
2.6941406249999997
2.719921875
2.7328124999999996
2.7585937499999997
2.771484375
2.7972656249999996
2.81015625
2.8230468749999997
2.8359375
2.848828125
2.8617187499999996
2.8617187499999996
2.874609375
2.8874999999999997
2.900390625
2.91328125
2.9261718749999996
2.9261718749999996
2.9390625
2.9519531249999997
2.9519531249999997
2.96484375
2.96484375
2.977734375
2.977734375
2.977734375
2.9906249999999996
3.003515625
3.003515625
3.003515625
3.0164062499999997
3.0164062499999997
3.029296875
3.029296875
3.029296875
3.029296875
3.0421875
3.0421875
3.0421875
3.0421875
3.0550781249999996
3.0550781249999996
3.0550781249999996
3.0550781249999996
3.0550781249999996
3.06796875
3.06796875
3.06796875
3.06796875
3.06796875
3.06796875
3.06796875
3.06796875
3.06796875
3.0808593749999997
3.0808593749999997
3.0808593749999997
3.0808593749999997
3.0808593749999997
3.0808593749999997
3.0808593749999997
3.0808593749999997
3.0808593749999997
3.0808593749999997
3.0808593749999997
3.0808593749999997
3.0808593749999997
3.0808593749999997
3.0808593749999997
3.09375
3.09375
3.09375
3.09375
3.09375
3.09375
3.09375
3.09375
3.106640625
3.106640625
3.106640625
3.106640625
3.106640625
3.106640625
3.106640625
3.106640625
3.106640625
3.106640625
3.106640625
3.106640625
3.106640625
3.1195312499999996
3.1195312499999996
3.1195312499999996
3.1195312499999996
3.1195312499999996
3.1195312499999996
3.1195312499999996
3.1195312499999996
3.1195312499999996
3.1195312499999996
3.1195312499999996
3.1195312499999996
3.1195312499999996
3.1195312499999996
3.1195312499999996
3.1195312499999996
3.1195312499999996
3.1195312499999996
3.1195312499999996
3.1195312499999996
3.1195312499999996
3.1195312499999996
3.1195312499999996
3.1195312499999996
3.1195312499999996
3.1195312499999996
3.1195312499999996
3.1195312499999996
3.1195312499999996
3.1195312499999996
3.1195312499999996
3.1195312499999996
3.1195312499999996
3.1195312499999996
3.132421875
3.0164062499999997
2.8874999999999997
2.784375
2.68125
2.5265625
2.4749999999999996
2.3718749999999997
2.26875
2.19140625
2.1140624999999997
2.0625
1.972265625
1.9078125
1.85625
1.77890625
1.72734375
1.67578125
1.65
1.5726562499999999
1.52109375
1.46953125
1.4437499999999999
1.3664062499999998
1.340625
1.2890625
1.2503906249999999
1.2374999999999998
1.1859374999999999
1.134375
1.10859375
1.0828125
1.044140625
1.03125
0.992578125
0.95390625
0.9410156249999999
0.928125
0.90234375
0.8765624999999999
0.8507812499999999
0.837890625
0.825
0.79921875
0.7734375
0.7476562499999999
0.734765625
0.7218749999999999
0.69609375
0.6832031249999999
0.6703125
0.64453125
